100	307	348	334	380	190	208	
1000	425	460	261	283	325	346	56	124	35	69	128	165	157	177	
1010	131	180	92	136	36	76	313	334	211	236	370	389	
1020	100	133	172	224	218	281	365	385	415	432	
10270	427	458	
1030	160	197	240	276	265	323	321	384	
1040	221	265	284	316	363	418	417	472	
1050	287	331	322	358	420	450	283	302	
1060	313	332	365	397	
1070	434	471	385	423	336	360	
1080	376	405	436	474	
110	212	228	
1130	298	333	
1140	339	379	
1150	363	401	
1160	393	418	405	433	
1170	432	465	452	477	
1190	308	330	328	351	
120	191	207	350	371	208	226	
1250	364	399	322	351	
1260	442	480	
130	155	175	176	197	362	390	
13040	392	423	351	372	
13050	407	442	375	397	341	358	352	369	
13060	354	372	368	383	401	422	434	467	
13070	420	447	370	389	383	401	
13080	389	407	402	420	441	468	
13100	396	419	425	449	
13130	424	451	369	384	
13140	421	448	
13150	413	439	448	473	
13160	437	461	402	427	
13220	141	161	
13230	142	167	
13240	136	166	
13250	132	165	
13260	130	180	
13270	158	212	
13280	228	283	
13290	322	394	
1430	301	328	324	346	
14670	395	415	
14680	396	414	
14690	396	414	
14720	400	420	
14730	405	425	
14740	421	442	
150	106	135	78	107	
15250	418	445	
15260	392	412	
15980	425	457	
160	29	67	9	40	152	168	
16160	256	276	
16170	269	291	
16180	309	332	342	371	415	436	
16190	368	409	431	467	
170	161	180	190	209	
180	198	219	157	187	
18210	57	74	
18240	410	430	
18250	448	472	
18550	384	420	
18580	333	358	
18590	362	390	
18610	365	415	419	449	
18620	325	353	305	336	392	427	
18630	365	417	337	371	
18640	394	455	
18690	251	277	
18700	189	215	
18710	108	138	
18720	3	29	
18730	104	129	63	83	
18950	442	478	
190	185	214	137	170	
19950	384	462	
19960	311	353	
19970	343	411	
19980	293	324	
200	158	197	108	145	87	121	
20000	357	380	
20010	372	401	48	90	
20020	395	419	
20030	414	444	356	414	
20040	308	339	438	476	
20070	117	141	
20080	5	60	
20090	113	141	
20100	9	63	
20130	356	426	
20140	312	352	
20150	292	321	
20180	391	476	
20190	295	336	
20350	108	140	
20360	41	89	
20450	310	356	
20500	71	110	
20520	43	90	
20530	20	95	
20550	360	441	
20560	315	369	
20570	292	330	
20580	411	437	430	461	
20590	21	60	388	418	409	439	
20600	379	404	394	422	
20610	363	387	382	407	66	102	
20620	370	397	350	377	
20630	362	383	
20640	354	375	
20650	109	139	
20800	77	110	
20810	7	46	328	387	
20820	297	325	114	141	1	31	
20830	404	476	42	85	111	137	
20840	319	375	54	93	
20850	91	130	381	452	294	328	
20860	342	394	
20870	321	355	
20880	301	332	
20890	292	315	
20900	360	436	283	307	
20910	281	302	310	357	
20920	290	322	
20930	282	311	
20940	278	308	
20950	281	304	
20960	275	297	
20970	271	289	283	301	
20980	278	295	266	282	
20990	275	292	
210	129	173	92	143	2	40	56	101	
21010	117	132	
21020	114	132	
21030	114	131	
21040	116	131	106	121	
21050	107	123	119	135	
21060	121	138	107	125	
21070	105	122	123	140	
21080	102	137	
21090	29	80	372	442	113	128	128	144	
21100	322	364	
21110	298	330	
21120	373	457	135	149	
21130	310	354	
21140	288	314	
21150	394	461	380	405	
21160	371	400	
21170	368	388	
21180	362	385	324	370	
21190	294	321	362	387	326	346	
21200	325	348	364	383	387	465	
21210	333	381	
21220	306	336	361	385	338	359	119	144	
21230	70	115	290	312	347	374	
21240	1	44	365	391	
21250	388	418	363	385	
21260	363	385	407	442	
21270	362	384	403	476	
21280	311	353	365	384	
21290	52	96	93	130	362	386	
21300	362	385	27	74	
21310	108	138	360	386	
21320	364	383	132	160	56	92	
21330	68	116	360	385	
21340	362	385	94	136	
21350	363	384	
21360	364	384	
21370	365	383	
21380	364	383	
21390	364	384	414	480	
21400	356	417	130	156	
21410	76	121	325	366	
21420	302	338	125	155	363	384	
21430	363	384	
21440	363	385	45	76	
21450	363	384	110	145	
21460	60	109	
21470	116	154	438	480	
21480	413	455	355	378	43	96	
21490	41	84	414	475	352	382	
21500	333	388	
21510	293	333	356	382	
21520	341	367	122	155	359	424	
21530	302	343	352	376	333	356	59	113	
21540	324	349	352	378	
21550	351	378	320	344	
21560	314	337	349	372	
21570	346	372	303	330	94	136	
21580	299	321	350	370	
21590	348	371	297	316	327	343	
21600	318	335	347	371	295	313	
21610	291	309	345	371	143	159	
21620	143	160	347	370	289	305	
21630	285	298	302	315	142	158	348	372	
21640	354	378	138	152	
21650	362	389	276	291	291	308	4	31	130	147	
21660	1	26	380	409	118	137	152	174	271	288	288	305	
21670	270	287	419	447	288	307	101	135	158	175	
21680	113	142	268	287	
21690	267	288	292	316	
21700	269	291	297	322	31	56	
21710	302	334	272	296	
21720	278	305	320	345	
21730	325	358	284	310	
21740	332	360	286	310	
21750	285	307	328	355	
21760	320	346	
21770	308	336	
21780	304	332	284	300	
21790	286	302	303	324	17	50	
21800	43	68	301	320	285	305	
21810	287	304	296	318	60	88	
21820	75	100	290	305	
21830	294	318	89	114	
21840	304	324	101	124	
21850	310	335	
21860	321	349	297	324	102	121	118	142	
21870	104	134	89	111	332	358	305	331	
21880	339	368	139	158	76	96	92	120	315	344	
21890	327	354	354	382	145	162	71	101	61	82	
21900	42	72	149	182	335	370	372	408	
21910	356	394	397	431	9	44	120	161	
21920	59	116	2	31	154	171	385	426	427	461	
21930	418	458	
21980	135	154	116	135	
21990	110	129	129	147	
220	36	105	
22000	103	147	
22010	105	130	85	107	
22020	71	96	94	125	
22030	57	84	77	109	
22040	37	67	57	90	
22050	40	70	18	44	
22060	10	49	154	177	
22070	123	162	
22080	57	116	
22110	96	141	144	165	284	308	
22120	152	176	133	154	290	319	
22130	298	329	110	151	
22140	15	73	114	136	307	340	
22150	320	356	103	126	
22160	89	114	330	373	147	174	
22170	105	147	69	101	347	395	
22180	368	422	18	84	
22190	33	61	390	448	
22200	431	479	3	34	
22210	145	172	
22220	129	159	
22230	110	141	
22240	58	112	126	173	
22250	2	38	80	141	
22270	116	156	
22280	38	89	
22290	99	137	
22300	3	45	370	473	
22310	268	355	
22320	239	296	300	357	436	471	
22330	297	348	195	247	
22340	174	214	300	352	
22350	298	357	174	223	132	168	
22360	319	374	211	258	23	83	144	177	
22370	44	110	264	298	335	392	
22380	284	318	345	407	
22390	360	428	291	318	157	189	
22400	289	315	389	455	172	197	
22410	75	134	282	305	
22420	271	294	
22430	124	152	
22440	8	62	104	140	
22480	91	112	350	388	
22490	417	469	75	101	101	132	129	158	
22500	38	83	104	141	
22510	50	110	42	71	
22520	9	50	322	342	
22530	335	352	
22540	414	469	143	169	
22550	372	411	142	172	
22560	139	171	
22570	116	164	
22580	67	132	
22590	1	58	
22620	163	191	
22630	129	168	
22640	25	85	
22650	375	423	177	201	155	174	
22660	163	190	
22670	126	165	
22680	43	108	152	182	188	204	
22690	145	180	173	195	
22700	112	157	162	180	
22710	38	98	361	400	
22720	
22780	428	480	
22790	370	417	
22870	380	443	
22960	412	465	
22970	363	408	
230	10	63	50	83	
23040	149	176	
23050	147	178	
23060	113	161	
23070	26	89	
23100	160	188	
23110	109	159	
23120	165	187	
23130	161	185	
23140	125	170	163	185	
23150	32	111	153	181	
23160	138	171	
23170	91	141	150	185	
23180	1	42	134	174	
23190	70	141	
2320	87	132	
23200	178	202	
23210	173	195	
23220	165	189	
23230	149	178	
23240	115	166	168	188	
23250	33	98	156	181	
23260	120	157	
23270	40	105	98	132	
23280	21	83	102	134	
23290	40	95	
23330	164	183	
23340	154	176	
23350	115	141	
23360	55	88	170	195	181	212	
23480	95	118	311	329	
23490	349	375	
23510	281	307	
23520	353	395	144	164	63	97	
23530	122	149	
23540	26	80	
240	5	57	
250	223	237	232	245	240	254	
2520	94	134	
260	239	255	228	245	249	265	
270	252	271	263	280	275	291	
290	287	312	311	333	
300	312	340	336	362	
3020	44	67	28	54	
310	346	387	383	424	
3100	196	211	
3110	211	229	
3120	247	265	
3130	267	287	
320	417	470	
350	318	336	
370	364	388	
380	400	433	
420	409	428	430	445	451	468	461	475	
4250	65	108	
430	337	362	371	394	400	417	408	428	
4390	84	118	
440	229	258	281	308	315	338	331	354	
4400	1	28	
4410	107	135	
4420	53	95	138	162	
4430	91	128	
4470	115	135	139	161	
4480	72	117	
450	158	195	96	135	203	231	229	250	247	267	
4500	104	131	
4510	78	110	
4520	43	86	117	138	
4530	2	38	92	118	
4540	57	93	157	178	
4550	2	48	145	169	
4560	122	152	87	117	
4570	80	120	120	148	56	87	
4580	1	66	91	125	
4590	43	94	
460	1	41	122	165	164	187	182	206	
4690	3	68	
470	120	151	97	124	
4740	91	120	
4750	28	74	
4780	42	89	
4790	77	116	155	177	
480	27	65	56	91	
4800	83	129	
4840	92	112	122	144	
4850	63	104	34	60	
4880	130	156	184	203	
4890	171	197	72	109	141	162	
490	1	25	
4900	9	44	123	167	67	94	102	131	
4910	4	56	
4940	323	344	
4960	224	252	
4980	438	471	
530	324	354	
540	414	448	
550	88	104	
5500	
560	78	101	58	72	294	316	114	130	140	152	352	371	
570	78	107	49	72	116	134	135	154	171	187	291	308	442	461	
580	8	31	105	130	125	150	151	176	197	215	332	352	292	310	36	62	73	102	
590	47	82	12	35	95	123	121	147	150	176	207	228	344	364	361	385	
60	245	283	
600	24	60	82	114	111	141	149	174	212	233	
610	209	232	397	417	94	129	62	97	138	168	3	35	431	454	388	405	
620	401	423	207	231	121	157	79	120	47	82	
630	41	79	71	111	204	232	111	147	450	471	
650	204	229	404	426	40	78	71	112	108	144	
660	205	229	402	427	114	147	75	111	39	78	
670	404	427	204	231	108	152	40	78	69	109	
680	42	80	71	110	110	147	146	188	203	232	401	430	
690	403	425	208	229	111	152	192	211	71	111	42	74	
700	207	228	41	76	72	109	113	150	403	426	
7020	427	458	
710	170	209	40	80	74	110	111	147	401	425	204	229	
720	39	78	76	111	113	150	204	228	401	428	225	270	
730	206	229	108	148	79	111	43	77	404	428	
7390	427	458	415	432	301	327	
740	205	229	111	150	78	110	38	80	403	424	
7400	372	418	
7430	369	416	
7460	420	435	
7470	408	433	
750	203	229	110	149	79	111	40	79	404	427	422	444	142	186	
7500	347	368	260	278	299	311	
7510	247	269	
7520	250	273	216	235	391	418	
7530	440	467	260	287	225	249	
7540	216	247	252	292	
7550	241	281	189	230	
7560	147	188	206	250	
7570	95	151	173	225	
7580	148	207	119	155	63	122	
7590	42	96	92	130	144	197	
760	1	50	45	77	78	107	113	148	208	229	183	211	446	465	408	424	
7600	145	197	61	111	1	52	
7610	147	203	49	92	
7620	35	85	155	214	
7630	177	238	22	70	
7640	31	75	166	230	
7650	132	190	15	65	
7660	1	51	115	172	
7670	2	44	81	149	
7680	74	128	
7690	60	117	
770	2	32	33	76	74	106	109	148	204	230	405	424	425	447	247	272	
7700	40	104	
7710	8	88	
780	8	58	60	101	109	148	203	232	406	427	
790	204	228	408	428	111	145	71	118	27	67	
80	114	131	130	147	
800	30	72	83	115	115	149	204	231	407	427	
810	85	123	37	80	120	154	205	228	405	425	
820	204	229	92	129	49	83	123	153	151	178	406	427	
830	405	426	205	230	120	154	94	126	52	88	4	22	
840	7	23	43	73	67	100	92	124	122	152	204	229	404	426	251	274	
850	203	228	71	103	122	152	94	120	47	74	
860	58	96	94	125	124	155	207	229	
870	221	243	138	177	102	137	61	100	
880	178	214	254	275	135	168	82	116	34	57	2	27	
890	56	79	18	43	121	155	173	211	218	251	291	315	
90	203	228	225	248	
900	14	38	30	54	54	86	149	186	209	242	248	282	320	343	
910	11	48	157	194	215	255	253	296	330	351	293	320	
920	176	217	216	247	240	280	289	329	346	369	92	128	45	60	
930	10	32	60	80	91	107	200	248	275	324	246	285	331	382	
940	250	301	316	362	295	325	396	436	115	129	23	37	43	60	75	90	
950	166	218	36	61	98	120	143	161	294	347	368	412	444	480	344	375	278	312	
9510	353	399	
9520	305	336	
9530	
960	9	82	119	141	171	189	330	380	305	340	400	434	370	407	
970	376	419	338	372	430	469	407	436	61	89	151	169	201	224	
980	79	111	181	204	243	261	361	401	407	452	451	480	
990	12	50	80	103	107	134	216	243	282	302	396	432	440	476	
